0119
0028
0010
0139
0056
0039
0036
0029
0157
0027
0129
0150
0107
0026
0110
0088
0013
0163
0141
0035
0152
0105
0111
0169
0266
0190
0293
0289
0292
0265
0249
0192
0251
0268
0201
0168
0187
0250
0217
0294
0184
0191
0290
0181
0365
0434
0366
0429
0428
0410
0348
0451
0414
0356
0454
0386
0465
0415
0375
0442
0422
0420
0385
0416
0472
0471
0346
0343
0424
0559
0567
0524
0700
0526
0596
0565
0632
0594
0546
0595
0593
0552
0564
0521
0547
0646
0561
0657
0633
0691
0651
0643
0570
0592
0690
0538
0578
0644
0622
0713
0732
0705
0746
0754
0737
0714
0730
0776
0785
0779
0764
0784
0760
0782
0721
0858
0891
0946
0943
0893
0922
0919
0911
0888
0954
0940
0934
0841
0824
0923
0833
0835
0900
0836
0918
0905
0887
0898
0820
0881
0920
0950
1012
1016
0984
1020
0955
0968
1018
0985
0992
1021
0987
0979
0962
0981
1022
1128
1148
1068
1105
1135
1059
1142
1048
1122
1075
1129
1137
1120
1061
1056
1081
1057
1110
1107
1039
1303
1242
1277
1154
1195
1251
1239
1224
1180
1336
1296
1185
1324
1343
1181
1292
1198
1319
1275
1294
1207
1227
1290
1304
1268
1221
1293
1217
1337
1260
1254
1270
1289
1271
1196
1225
1396
1360
1423
1350
1492
1481
1398
1551
1556
1348
1361
1518
1504
1359
1549
1555
1352
1420
1537
1469
1399
1408
1464
1394
1480
1370
1487
1532
1459
1402
1497
1444
1391
1364
1503
1451
1430
1450
1610
1613
1647
1565
1644
1642
1645
1572
1648
1609
1594
1643
1582
1578
1629
1619
1612
1574
1790
1701
1725
1798
1715
1884
1676
1792
1873
1826
1681
1671
1848
1825
1660
1680
1866
1714
1699
1785
1806
1800
1706
1783
1672
1868
1756
1659
1775
1723
1794
1726
1889
1827
1870
1697
1703
1728
1862
1860
1835
1982
1959
1899
1937
1980
1978
1964
1951
1954
1958
1917
1977
1974
1908
1923
1902
1960
2048
2094
2021
2132
2049
1992
2001
2097
2120
2069
2054
2033
2121
2140
2022
2032
1999
2071
2070
2026
2047
2027
2089
1991
1984
2106
2068
2178
2166
2321
2205
2309
2224
2182
2248
2269
2145
2307
2181
2193
2186
2167
2206
2266
2225
2253
2187
2230
2241
2318
2141
2242
