0119
0028
0010
0139
0056
0039
0036
0029
0157
0027
0129
0150
0107
0173
0268
0250
0170
0169
0336
0191
0192
0258
0280
0318
0266
0390
0475
0442
0394
0450
0415
0341
0381
0428
0393
0382
0374
0360
0367
0434
0578
0527
0525
0596
0526
0593
0592
0689
0563
0501
0632
0646
0539
0697
0524
0567
0594
0776
0729
0714
0705
0732
0740
0717
0784
0718
0913
0895
0927
0911
0861
0912
0910
0883
0894
0835
0876
0891
0947
0928
0881
0858
1034
1020
0981
0989
0958
1028
0957
1023
1001
1070
1045
1063
1117
1127
1076
1145
1123
1104
1088
1135
1098
1201
1227
1200
1225
1338
1295
1292
1301
1268
1260
1251
1222
1286
1278
1186
1339
1179
1195
1202
1312
1203
1550
1514
1450
1495
1360
1438
1437
1552
1455
1473
1405
1481
1349
1555
1522
1368
1531
1479
1407
1506
1423
1519
1589
1611
1576
1613
1559
1584
1616
1577
1644
1572
1884
1843
1729
1877
1844
1809
1839
1704
1697
1755
1867
1698
1825
1869
1816
1659
1838
1733
1806
1663
1687
1754
1731
1714
1899
1929
1961
1908
1979
1952
1902
1959
1911
1974
2110
2128
2028
2054
2121
2098
2042
2127
2032
2068
2094
2085
2106
2107
1994
2021
2206
2152
2247
2143
2214
2326
2141
2166
2253
2238
2144
2180
2145
2278
2320
